a1 = 0.013705
a0 = -0.018549